0 0.5578125 0.540625 0.321875 0.40546875
1 0.12265625 0.83984375 0.2453125 0.3171875
1 0.27109375 0.8890625 0.0921875 0.221875
1 0.53359375 0.83125 0.1546875 0.3375
1 0.84140625 0.36328125 0.23671875 0.42421875
1 0.0578125 0.1296875 0.11484375 0.1296875
1 0.17578125 0.37265625 0.12578125 0.10703125
1 0.28671875 0.64765625 0.1765625 0.2671875
1 0.20625 0.08125 0.14296875 0.1625
1 0.37734375 0.13125 0.15234375 0.15390625
1 0.47890625 0.25546875 0.246875 0.13828125
1 0.85859375 0.82734375 0.2828125 0.3453125
1 0.0796875 0.503125 0.15859375 0.3703125
1 0.23515625 0.275 0.16875 0.2046875
1 0.60703125 0.10234375 0.13828125 0.15703125