0 0.57890625 0.5546875 0.32734375 0.4109375
1 0.13125 0.8484375 0.26171875 0.30234375
1 0.28828125 0.89765625 0.09296875 0.20390625
1 0.55390625 0.83828125 0.1578125 0.3234375
1 0.86640625 0.375 0.240625 0.4296875
1 0.06953125 0.13984375 0.11875 0.1296875
1 0.190625 0.384375 0.128125 0.10859375
1 0.30390625 0.6625 0.1796875 0.27109375
1 0.22109375 0.08515625 0.1453125 0.1703125
1 0.3953125 0.1390625 0.1546875 0.15625
1 0.49921875 0.265625 0.25078125 0.140625
1 0.87109375 0.83515625 0.2578125 0.32890625
1 0.09375 0.5203125 0.165625 0.37578125
1 0.25078125 0.28515625 0.17109375 0.20703125
1 0.62890625 0.11015625 0.140625 0.15859375