0 0.5609375 0.53671875 0.3171875 0.39765625
1 0.1296875 0.83828125 0.253125 0.3234375
1 0.28203125 0.8875 0.0890625 0.225
1 0.53984375 0.828125 0.15390625 0.34375
1 0.83984375 0.36328125 0.2328125 0.41640625
1 0.06796875 0.13515625 0.11484375 0.125
1 0.184375 0.371875 0.12421875 0.1046875
1 0.29453125 0.64140625 0.17421875 0.2625
1 0.21484375 0.0828125 0.140625 0.165625
1 0.3828125 0.13515625 0.15 0.15078125
1 0.48359375 0.25703125 0.24296875 0.1359375
1 0.86015625 0.825 0.2796875 0.35
1 0.090625 0.50390625 0.16015625 0.3640625
1 0.24296875 0.2765625 0.165625 0.20078125
1 0.609375 0.10703125 0.13671875 0.15390625