1 0.884375 0.89453125 0.23125 0.2109375
1 0.2390625 0.10546875 0.28671875 0.2109375
1 0.8609375 0.6078125 0.2703125 0.31328125
1 0.5171875 0.26484375 0.21640625 0.13671875
1 0.28671875 0.85546875 0.25703125 0.2890625
1 0.61796875 0.915625 0.2203125 0.16875
1 0.209375 0.5625 0.2390625 0.31328125
1 0.190625 0.30546875 0.203125 0.20703125
1 0.0609375 0.89765625 0.084375 0.20390625
1 0.03359375 0.66171875 0.0671875 0.2390625
1 0.0390625 0.21015625 0.078125 0.3515625
0 0.53359375 0.59921875 0.3484375 0.5078125